& 100MVA Base                                                             
&===*====1====*====2====*====3====*====4====*====5====*====6====*====7====*====8
& TRANSMISSION LINE DATA
& BRANCH # FROM NODE   TO NODE CCT    R         X         Y/2
T  9001002       001       002  1  0.0124999 0.1048710 0.0125700
T  9001003       001       003  1  0.0053091 0.0445257 0.0053350
T  9002012       002       012  1  0.0093468 0.0785549 0.0094150
T  9003005       003       005  1  0.0135103 0.1133570 0.0135900
T  9003012       003       012  1  0.0199918 0.1678430 0.0201400
T  9004005       004       005  1  0.0019429 0.0163306 0.0019550
T  9004011       004       011  1  0.0100820 0.0845940 0.0101400
T  9005006       005       006  1  0.0067604 0.0567000 0.0067950
T  9005011       005       011  1  0.0100819 0.0845936 0.0101400
T  9006007       006       007  1  0.0026044 0.0218406 0.0026150
T  9007012       007       012  1  0.0094518 0.0791325 0.0094850
T  9008009       008       009  1  0.0045537 0.0527452 0.2867250
T  9008030       008       030  1  0.0055232 0.0640989 0.3497200
T  9009010       009       010  1  0.0055703 0.0646167 0.3525900
T  9011012       011       012  1  0.0042008 0.0350767 0.0042000
T  9011013       011       013  1  0.0111321 0.0934677 0.0112050
T  9012014       012       014  1  0.0105020 0.0881117 0.0105600
T  9012016       012       016  1  0.0293006 0.2464290 0.0296250
T  9012117       012       117  1  0.0007351 0.0060912 0.0007300
T  9013015       013       015  1  0.0304455 0.2560000 0.0307900
T  9014015       014       015  1  0.0263600 0.2215920 0.0266250
T  9015017       015       017  1  0.0087167 0.0729364 0.0087400
T  9015019       015       019  1  0.0110849 0.0929427 0.0111400
T  9015033       015       033  1  0.0155582 0.1305610 0.0156550
T  9016017       016       017  1  0.0055136 0.0462613 0.0055450
T  9017018       017       018  1  0.0063222 0.0530193 0.0063550
T  9017031       017       031  1  0.0195285 0.1639620 0.0196750
T  9017113       017       113  1  0.0170132 0.1428800 0.0171400
T  9018019       018       019  1  0.0104495 0.0876391 0.0105050
T  9019020       019       020  1  0.0146336 0.1227930 0.0147250
T  9019034       019       034  1  0.0184835 0.1551140 0.0186050
T  9020021       020       021  1  0.0106259 0.0891362 0.0106850
T  9021022       021       022  1  0.0121377 0.1018300 0.0122050
T  9022023       022       023  1  0.0231044 0.1940770 0.0233050
T  9023024       023       024  1  0.0109746 0.0922600 0.0110600
T  9023025       023       025  1  0.0179584 0.1507040 0.0180800
T  9023032       023       032  1  0.0410628 0.3462510 0.0417850
T  9024070       024       070  1  0.0580760 0.4918080 0.0597900
T  9024072       024       072  1  0.0296156 0.2487920 0.0299150
T  9025027       025       027  1  0.0426381 0.3595880 0.0434150
T  9026030       026       030  1  0.0095610 0.1101350 0.5945650
T  9027028       027       028  1  0.0107014 0.0897712 0.0107600
T  9027032       027       032  1  0.0261500 0.2198070 0.0264100
T  9027115       027       115  1  0.0302457 0.2545160 0.0306100
T  9028029       028       029  1  0.0118008 0.0990008 0.0118650
T  9029031       029       031  1  0.0041446 0.0347586 0.0041650
T  9030038       030       038  1  0.0059043 0.0685994 0.3748950
T  9031032       031       032  1  0.0123241 0.1033920 0.0124000
T  9032113       032       113  1  0.0253271 0.2127870 0.0255600
T  9032114       032       114  1  0.0031506 0.0264650 0.0031700
T  9033037       033       037  1  0.0177515 0.1489970 0.0178750
T  9034036       034       036  1  0.0033554 0.0281411 0.0033700
T  9034037       034       037  1  0.0015753 0.0130225 0.0015650
T  9034043       034       043  1  0.0094518 0.0790800 0.0094800
T  9035036       035       036  1  0.0012786 0.0107220 0.0012850
T  9035037       035       037  1  0.0062209 0.0521744 0.0062500
T  9037039       037       039  1  0.0132619 0.1112690 0.0133400
T  9037040       037       040  1  0.0456837 0.3854230 0.0465900
T  9038065       038       065  1  0.0103475 0.1227680 0.6915350
T  9039040       039       040  1  0.0431107 0.3634220 0.0438800
T  9040041       040       041  1  0.0270426 0.2273160 0.0273150
T  9040042       040       042  1  0.0228487 0.1918950 0.0230400
T  9041042       041       042  1  0.0168783 0.1416560 0.0169900
T  9042049       042       049  2  0.0400756 0.3376500 0.0407300
T  9043044       043       044  1  0.0305666 0.2570240 0.0309150
T  9044045       044       045  1  0.0112749 0.0945846 0.0113350
T  9045046       045       046  1  0.0169534 0.1422900 0.0170650
T  9045049       045       049  1  0.0232210 0.1950310 0.0234200
T  9046047       046       047  1  0.0158822 0.1332820 0.0159850
T  9046048       046       048  1  0.0235927 0.1981670 0.0237950
T  9047049       047       049  1  0.0078235 0.0656180 0.0078650
T  9047069       047       069  1  0.0345500 0.2907400 0.0350050
T  9048049       048       049  1  0.0063217 0.0530214 0.0063550
T  9049050       049       050  1  0.0112371 0.0941504 0.0112850
T  9049051       049       051  1  0.0171261 0.1437420 0.0172400
T  9049054       049       054  2  0.0440034 0.3710350 0.0448200
T  9049066       049       066  2  0.0114986 0.0964624 0.0115650
T  9049069       049       069  1  0.0401985 0.3386950 0.0408550
T  9050057       050       057  1  0.0167523 0.1406000 0.0168650
T  9051052       051       052  1  0.0073598 0.0617281 0.0073950
T  9051058       051       058  1  0.0089997 0.0754868 0.0090450
T  9052053       052       053  1  0.0204274 0.1715110 0.0205850
T  9053054       053       054  1  0.0152562 0.1280250 0.0153500
T  9054055       054       055  1  0.0105545 0.0885843 0.0106150
T  9054056       054       056  1  0.0187461 0.1575300 0.0188900
T  9054059       054       059  1  0.0307708 0.2588220 0.0311300
T  9055056       055       056  1  0.0088217 0.0741441 0.0088900
T  9055059       055       059  1  0.0181250 0.1521390 0.0182500
T  9056057       056       057  1  0.0038330 0.0319790 0.0038300
T  9056058       056       058  1  0.0038332 0.0319786 0.0038300
T  9056059       056       059  2  0.0312560 0.2628540 0.0316200
T  9059060       059       060  1  0.0181249 0.1521390 0.0182500
T  9059061       059       061  1  0.0187466 0.1573660 0.0188800
T  9060061       060       061  1  0.0044634 0.0372821 0.0044700
T  9060062       060       062  1  0.0074564 0.0624344 0.0074800
T  9061062       061       062  1  0.0116047 0.0974585 0.0116800
T  9062066       062       066  1  0.0271839 0.2284480 0.0274550
T  9062067       062       067  1  0.0146335 0.1227920 0.0147250
T  9063064       063       064  1  0.0022196 0.0255944 0.1383300
T  9064065       064       065  1  0.0033415 0.0385900 0.2090350
T  9065068       065       068  1  0.0026297 0.0303718 0.1642600
T  9066067       066       067  1  0.0126980 0.1065360 0.0127700
T  9068081       068       081  1  0.0034951 0.0403949 0.2189050
T  9068116       068       116  1  0.0007898 0.0090905 0.0490500
T  9069070       069       070  1  0.0402226 0.3386890 0.0408550
T  9069075       069       075  1  0.0310334 0.2610800 0.0314050
T  9069077       069       077  1  0.0246272 0.2069940 0.0248600
T  9070071       070       071  1  0.0137576 0.1155740 0.0138550
T  9070074       070       074  1  0.0165422 0.1388300 0.0166500
T  9070075       070       075  1  0.0189561 0.1590530 0.0190850
T  9071072       071       072  1  0.0225268 0.1889830 0.0226450
T  9071073       071       073  1  0.0109221 0.0915774 0.0109750
T  9074075       074       075  1  0.0050819 0.0426202 0.0051050
T  9075077       075       077  1  0.0249432 0.2095480 0.0251700
T  9075118       075       118  1  0.0071939 0.0605440 0.0072550
T  9076077       076       077  1  0.0184985 0.1552810 0.0186300
T  9076118       076       118  1  0.0083491 0.0699433 0.0083800
T  9077078       077       078  1  0.0181685 0.1525940 0.0183050
T  9077080       077       080  2  0.0259924 0.2185470 0.0262600
T  9077082       077       082  1  0.0217916 0.1829970 0.0219650
T  9078079       078       079  1  0.0036074 0.0302405 0.0036250
T  9079080       079       080  1  0.0088133 0.0739256 0.0088600
T  9080096       080       096  1  0.0227232 0.1908410 0.0229150
T  9080097       080       097  1  0.0116871 0.0980487 0.0117550
T  9080098       080       098  1  0.0135103 0.1133570 0.0135900
T  9080099       080       099  1  0.0256988 0.2159200 0.0259400
T  9082083       082       083  1  0.0087167 0.0733039 0.0087850
T  9082096       082       096  1  0.0107120 0.0896870 0.0107450
T  9083084       083       084  1  0.0075089 0.0628019 0.0075250
T  9083085       083       085  1  0.0184987 0.1552810 0.0186300
T  9084085       084       085  1  0.0080251 0.0673115 0.0080650
T  9085086       085       086  1  0.0055136 0.0463663 0.0055550
T  9085088       085       088  1  0.0164881 0.1385210 0.0166150
T  9085089       085       089  1  0.0216058 0.1814280 0.0217800
T  9086087       086       087  1  0.0258738 0.2173950 0.0261200
T  9088089       088       089  1  0.0029406 0.0245222 0.0048450
T  9089090       089       090  2  0.0047784 0.0400126 0.0047900
T  9089092       089       092  2  0.0063219 0.0530215 0.0063550
T  9090091       090       091  1  0.0040958 0.0342890 0.0041100
T  9091092       091       092  1  0.0067740 0.0569730 0.0068300
T  9092093       092       093  1  0.0106763 0.0895594 0.0107350
T  9092094       092       094  1  0.0197409 0.1657330 0.0198850
T  9092100       092       100  1  0.0366593 0.3086290 0.0371850
T  9092102       092       102  1  0.0190086 0.1596300 0.0191500
T  9093094       093       094  1  0.0091634 0.0768625 0.0092100
T  9094095       094       095  1  0.0054353 0.0455844 0.0054600
T  9094096       094       096  1  0.0108748 0.0912256 0.0109350
T  9094100       094       100  1  0.0016803 0.0142827 0.0017150
T  9095096       095       096  1  0.0068489 0.0574412 0.0068850
T  9096097       096       097  1  0.0110765 0.0929185 0.0111350
T  9098100       098       100  1  0.0223509 0.1877040 0.0225350
T  9099100       099       100  1  0.0111321 0.0935203 0.0112050
T  9100101       100       101  1  0.0067738 0.0569733 0.0068300
T  9100103       100       103  1  0.0109746 0.0919450 0.0110200
T  9100104       100       104  1  0.0254521 0.2138410 0.0256900
T  9100106       100       106  1  0.0028355 0.0238920 0.0028600
T  9101102       101       102  1  0.0140107 0.1175600 0.0140950
T  9103104       103       104  1  0.0197910 0.1661550 0.0199400
T  9103105       103       105  1  0.0203019 0.1704560 0.0204550
T  9103110       103       110  1  0.0226386 0.1901290 0.0228250
T  9104105       104       105  1  0.0099769 0.0836484 0.0100250
T  9105106       105       106  1  0.0068489 0.0574412 0.0068850
T  9105107       105       107  1  0.0104495 0.0875866 0.0104950
T  9105108       105       108  1  0.0088007 0.0738201 0.0088450
T  9106107       106       107  1  0.0067738 0.0569208 0.0068200
T  9108109       108       109  1  0.0048467 0.0406375 0.0048700
T  9109110       109       110  1  0.0112370 0.0941500 0.0112850
T  9110111       110       111  1  0.0125000 0.1048710 0.0125700
T  9110112       110       112  1  0.0131275 0.1100080 0.0131900
T  9114115       114       115  1  0.0013038 0.0109336 0.0013100
T  7019008       701      9008  4   0.000443   0.00050   0.00000
T  9701905       701       905  4   0.001558   0.09950   0.00000
T  7029026       702      9026  4   0.000443   0.00050   0.00000
T  2702925       702       925  4   0.001558   0.09950   0.00000
T  7039030       703      9030  4   0.000443   0.00050   0.00000
T  1703917       703       917  4   0.001558   0.09950   0.00000
T  7049038       704      9038  4   0.000443   0.00050   0.00000
T  9704937       704       937  4   0.001558   0.09950   0.00000
T  7059063       705      9063  2   0.000443   0.00050   0.00000
T  9705959       705       959  2   0.001558   0.09950   0.00000
T  7069064       706      9064  2   0.000443   0.00050   0.00000
T  9706961       706       961  2   0.001558   0.09950   0.00000
T  7079065       707      9065  2   0.000443   0.00050   0.00000
T  9707966       707       966  2   0.001558   0.09950   0.00000
T  7089068       708      9068  4   0.000443   0.00050   0.00000
T  9708969       708       969  4   0.001558   0.09950   0.00000
T  7099081       709      9081  2   0.000443   0.00050   0.00000
T  9709980       709       980  2   0.001558   0.09950   0.00000
TEND
&===*====1====*====2====*====3====*====4====*====5====*====6====*====7====*====8
& TRANSFORMER DATA
& BRANCH # FROM NODE   TO NODE BANK    X      TAP RATIO    R
XR 7019005 Z     701      9005  4   0.092500   1.01010  0.004283
X
XR 7029025 Z     702      9025  4   0.092500   1.00000  0.004283
X
XR 7039017 Z     703      9017  4   0.092500   1.04232  0.004283
X
XR 7049037 Z     704      9037  4   0.092500   1.06383  0.004283
X
XR 7059059 Z     705      9059  2   0.092500   1.04167  0.004283
X
XR 7069061 Z     706      9061  2   0.092500   1.01010  0.004283
X
XR 7079066 Z     707      9066  2   0.092500   0.97182  0.004283
X
XR 7089069 Z     708      9069  4   0.092500   1.06383  0.004283
X
XR 7099080 Z     709      9080  2   0.092500   1.06383  0.004283
X
&---+----1----+----2----+----3----+----4----+----5----+----6----+----7----+----8
& NO IMPEDANCE BRANCH FOR TRANSFORMER BREAKER
& BRANCH # FROM NODE   TO NODE BANK                                      COMMENT
XCB9005005      9005      8005  1                                           59  
XCB9025025      9025      8025  1                                           59  
XCB9017017      9017      8017  1                                           59  
XCB9037037      9037      8037  1                                           59  
XCB9059059      9059      8059  1                                           59  
XCB9061061      9061      8061  1                                           59  
XCB9066066      9066      8066  1                                           59  
XCB9069069      9069      8069  1                                           59  
XCB9080080      9080      8080  1                                           59  
XCB9008008      9008      8008  1                                           59  
XCB9026026      9026      8026  1                                           59  
XCB9030030      9030      8030  1                                           59  
XCB9038038      9038      8038  1                                           59  
XCB9063063      9063      8063  1                                           59  
XCB9064064      9064      8064  1                                           59  
XCB9065065      9065      8065  1                                           59  
XCB9068068      9068      8068  1                                           59  
XCB9081081      9081      8081  1                                           59  
&---+----1----+----2----+----3----+----4----+----5----+----6----+----7----+----8
XCB8005005      8005       005  1                                           78  
XCB8025025      8025       025  1                                           78  
XCB8017017      8017       017  1                                           78  
XCB8037037      8037       037  1                                           78  
XCB8059059      8059       059  1                                           78  
XCB8061061      8061       061  1                                           78  
XCB8066066      8066       066  1                                           78  
XCB8069069      8069       069  1                                           78  
XCB8080080      8080       080  1                                           78  
XCB8008008      8008       008  1                                           78  
XCB8026026      8026       026  1                                           78  
XCB8030030      8030       030  1                                           78  
XCB8038038      8038       038  1                                           78  
XCB8063063      8063       063  1                                           78  
XCB8064064      8064       064  1                                           78  
XCB8065065      8065       065  1                                           78  
XCB8068068      8068       068  1                                           78  
XCB8081081      8081       081  1                                           78  
&---+----1----+----2----+----3----+----4----+----5----+----6----+----7----+----8
& NO IMPEDANCE BRANCH FOR CONDENSOR BREAKER
& BRANCH # FROM NODE   TO NODE BANK                                      COMMENT
XCB1501501       501      6501  1                                           CA  
XCB2501501      6501      7501  1                                           81  
XCB3501501      7501      8501  1                                           78  
XCB4501501      8501      9501  1                                           59  
&SC-+----1----+----2----+----3----+----4----+----5----+----6----+----7----+----8
XCB1504504       504      6504  1                                           CA  
XCB2504504      6504      7504  1                                           81  
XCB3504504      7504      8504  1                                           78  
XCB4504504      8504      9504  1                                           59  
&SC-+----1----+----2----+----3----+----4----+----5----+----6----+----7----+----8
XCB1506506       506      6506  1                                           CA  
XCB2506506      6506      7506  1                                           81  
XCB3506506      7506      8506  1                                           78  
XCB4506506      8506      9506  1                                           59  
&SC-+----1----+----2----+----3----+----4----+----5----+----6----+----7----+----8
XCB1508508       508      6508  1                                           CA  
XCB2508508      6508      7508  1                                           81  
XCB3508508      7508      8508  1                                           78  
XCB4508508      8508      9508  1                                           59  
&===+====1====+====2====+====3====+====4====+====5====+====6====+====7====+====8
& NO IMPEDANCE BRANCH FOR GENERATOR BREAKER
& BRANCH # FROM NODE   TO NODE BANK                                      COMMENT
XCB1510510       510      6510  1                                           CA  
XCB2510510      6510      7510  1                                           81  
XCB3510510      7510      8510  1                                           78  
XCB4510510      8510      9510  1                                           59  
&
XCB1511511       511      6511  1                                           CA  
XCB2511511      6511      7511  1                                           81  
XCB3511511      7511      8511  1                                           78  
XCB4511511      8511      9510  1                                           59  
&===+====1====+====2====+====3====+====4====+====5====+====6====+====7====+====8
XCB1512512       512      6512  1                                           CA  
XCB2512512      6512      7512  1                                           81  
XCB3512512      7512      8512  1                                           78  
XCB4512512      8512      9512  1                                           59  
&
XCB1513513       513      6513  1                                           CA  
XCB2513513      6513      7513  1                                           81  
XCB3513513      7513      8513  1                                           78  
XCB4513513      8513      9512  1                                           59  
&
XCB1514514       514      6514  1                                           CA  
XCB2514514      6514      7514  1                                           81  
XCB3514514      7514      8514  1                                           78  
XCB4514514      8514      9512  1                                           59  
&
XCB1516516       516      6516  1                                           CA  
XCB2516516      6516      7516  1                                           81  
XCB3516516      7516      8516  1                                           78  
XCB4516516      8516      9512  1                                           59  
&SC-+----1----+----2----+----3----+----4----+----5----+----6----+----7----+----8
XCB1515515       515      6515  1                                           CA  
XCB2515515      6515      7515  1                                           81  
XCB3515515      7515      8515  1                                           78  
XCB4515515      8515      9515  1                                           59  
&SC-+----1----+----2----+----3----+----4----+----5----+----6----+----7----+----8
XCB1518518       518      6518  1                                           CA  
XCB2518518      6518      7518  1                                           81  
XCB3518518      7518      8518  1                                           78  
XCB4518518      8518      9518  1                                           59  
&SC-+----1----+----2----+----3----+----4----+----5----+----6----+----7----+----8
XCB1519519       519      6519  1                                           CA  
XCB2519519      6519      7519  1                                           81  
XCB3519519      7519      8519  1                                           78  
XCB4519519      8519      9519  1                                           59  
&SC-+----1----+----2----+----3----+----4----+----5----+----6----+----7----+----8
XCB1524524       524      6524  1                                           CA  
XCB2524524      6524      7524  1                                           81  
XCB3524524      7524      8524  1                                           78  
XCB4524524      8524      9524  1                                           59  
&---+----1----+----2----+----3----+----4----+----5----+----6----+----7----+----8
XCB1525525       525      6525  1                                           CA  
XCB2525525      6525      7525  1                                           81  
XCB3525525      7525      8525  1                                           78  
XCB4525525      8525      9525  1                                           59  
&===+====1====+====2====+====3====+====4====+====5====+====6====+====7====+====8
XCB1526526       526      6526  1                                           CA  
XCB2526526      6526      7526  1                                           81  
XCB3526526      7526      8526  1                                           78  
XCB4526526      8526      9526  1                                           59  
&
XCB1528528       528      6528  1                                           CA  
XCB2528528      6528      7528  1                                           81  
XCB3528528      7528      8528  1                                           78  
XCB4528528      8528      9526  1                                           59  
&SC-+----1----+----2----+----3----+----4----+----5----+----6----+----7----+----8
XCB1527527       527      6527  1                                           CA  
XCB2527527      6527      7527  1                                           81  
XCB3527527      7527      8527  1                                           78  
XCB4527527      8527      9527  1                                           59  
&---+----1----+----2----+----3----+----4----+----5----+----6----+----7----+----8
XCB1531531       531      6531  1                                           CA  
XCB2531531      6531      7531  1                                           81  
XCB3531531      7531      8531  1                                           78  
XCB4531531      8531      9531  1                                           59  
&SC-+----1----+----2----+----3----+----4----+----5----+----6----+----7----+----8
XCB1532532       532      6532  1                                           CA  
XCB2532532      6532      7532  1                                           81  
XCB3532532      7532      8532  1                                           78  
XCB4532532      8532      9532  1                                           59  
&SC-+----1----+----2----+----3----+----4----+----5----+----6----+----7----+----8
XCB1534534       534      6534  1                                           CA  
XCB2534534      6534      7534  1                                           81  
XCB3534534      7534      8534  1                                           78  
XCB4534534      8534      9534  1                                           59  
&SC-+----1----+----2----+----3----+----4----+----5----+----6----+----7----+----8
XCB1536536       536      6536  1                                           CA  
XCB2536536      6536      7536  1                                           81  
XCB3536536      7536      8536  1                                           78  
XCB4536536      8536      9536  1                                           59  
&SC-+----1----+----2----+----3----+----4----+----5----+----6----+----7----+----8
XCB1540540       540      6540  1                                           CA  
XCB2540540      6540      7540  1                                           81  
XCB3540540      7540      8540  1                                           78  
XCB4540540      8540      9540  1                                           59  
&SC-+----1----+----2----+----3----+----4----+----5----+----6----+----7----+----8
XCB1542542       542      6542  1                                           CA  
XCB2542542      6542      7542  1                                           81  
XCB3542542      7542      8542  1                                           78  
XCB4542542      8542      9542  1                                           59  
&===+====1====+====2====+====3====+====4====+====5====+====6====+====7====+====8
XCB1546546       546      6546  1                                           CA  
XCB2546546      6546      7546  1                                           81  
XCB3546546      7546      8546  1                                           78  
XCB4546546      8546      9546  1                                           59  
&
XCB1547547       547      6547  1                                           CA  
XCB2547547      6547      7547  1                                           81  
XCB3547547      7547      8547  1                                           78  
XCB4547547      8547      9546  1                                           59  
&---+----1----+----2----+----3----+----4----+----5----+----6----+----7----+----8
XCB1549549       549      6549  1                                           CA  
XCB2549549      6549      7549  1                                           81  
XCB3549549      7549      8549  1                                           78  
XCB4549549      8549      9549  1                                           59  
&===+====1====+====2====+====3====+====4====+====5====+====6====+====7====+====8
XCB1554554       554      6554  1                                           CA  
XCB2554554      6554      7554  1                                           81  
XCB3554554      7554      8554  1                                           78  
XCB4554554      8554      9554  1                                           59  
&
XCB1557557       557      6557  1                                           CA  
XCB2557557      6557      7557  1                                           81  
XCB3557557      7557      8557  1                                           78  
XCB4557557      8557      9554  1                                           59  
&
XCB1558558       558      6558  1                                           CA  
XCB2558558      6558      7558  1                                           81  
XCB3558558      7558      8558  1                                           78  
XCB4558558      8558      9554  1                                           59  
&SC-+----1----+----2----+----3----+----4----+----5----+----6----+----7----+----8
XCB1555555       555      6555  1                                           CA  
XCB2555555      6555      7555  1                                           81  
XCB3555555      7555      8555  1                                           78  
XCB4555555      8555      9555  1                                           59  
&SC-+----1----+----2----+----3----+----4----+----5----+----6----+----7----+----8
XCB1556556       556      6556  1                                           CA  
XCB2556556      6556      7556  1                                           81  
XCB3556556      7556      8556  1                                           78  
XCB4556556      8556      9556  1                                           59  
&---+----1----+----2----+----3----+----4----+----5----+----6----+----7----+----8
XCB1559559       559      6559  1                                           CA  
XCB2559559      6559      7559  1                                           81  
XCB3559559      7559      8559  1                                           78  
XCB4559559      8559      9559  1                                           59  
&
XCB1560560       560      6560  1                                           CA  
XCB2560560      6560      7560  1                                           81  
XCB3560560      7560      8560  1                                           78  
XCB4560560      8560      9559  1                                           59  
&===+====1====+====2====+====3====+====4====+====5====+====6====+====7====+====8
XCB1561561       561      6561  1                                           CA  
XCB2561561      6561      7561  1                                           81  
XCB3561561      7561      8561  1                                           78  
XCB4561561      8561      9561  1                                           59  
&
XCB1563563       563      6563  1                                           CA  
XCB2563563      6563      7563  1                                           81  
XCB3563563      7563      8563  1                                           78  
XCB4563563      8563      9561  1                                           59  
&SC-+----1----+----2----+----3----+----4----+----5----+----6----+----7----+----8
XCB1562562       562      6562  1                                           CA  
XCB2562562      6562      7562  1                                           81  
XCB3562562      7562      8562  1                                           78  
XCB4562562      8562      9562  1                                           59  
&===+====1====+====2====+====3====+====4====+====5====+====6====+====7====+====8
XCB1565565       565      6565  1                                           CA  
XCB2565565      6565      7565  1                                           81  
XCB3565565      7565      8565  1                                           78  
XCB4565565      8565      9565  1                                           59  
&
XCB1567567       567      6567  1                                           CA  
XCB2567567      6567      7567  1                                           81  
XCB3567567      7567      8567  1                                           78  
XCB4567567      8567      9565  1                                           59  
&===+====1====+====2====+====3====+====4====+====5====+====6====+====7====+====8
XCB1566566       566      6566  1                                           CA  
XCB2566566      6566      7566  1                                           81  
XCB3566566      7566      8566  1                                           78  
XCB4566566      8566      9566  1                                           59  
&
XCB1568568       568      6568  1                                           CA  
XCB2568568      6568      7568  1                                           81  
XCB3568568      7568      8568  1                                           78  
XCB4568568      8568      9566  1                                           59  
&---+----1----+----2----+----3----+----4----+----5----+----6----+----7----+----8
XCB1569569       569      6569  1                                           CA  
XCB2569569      6569      7569  1                                           81  
XCB3569569      7569      8569  1                                           78  
XCB4569569      8569      9569  1                                           59  
&SC-+----1----+----2----+----3----+----4----+----5----+----6----+----7----+----8
XCB1570570       570      6570  1                                           CA  
XCB2570570      6570      7570  1                                           81  
XCB3570570      7570      8570  1                                           78  
XCB4570570      8570      9570  1                                           59  
&SC-+----1----+----2----+----3----+----4----+----5----+----6----+----7----+----8
XCB1572572       572      6572  1                                           CA  
XCB2572572      6572      7572  1                                           81  
XCB3572572      7572      8572  1                                           78  
XCB4572572      8572      9572  1                                           59  
&SC-+----1----+----2----+----3----+----4----+----5----+----6----+----7----+----8
XCB1573573       573      6573  1                                           CA  
XCB2573573      6573      7573  1                                           81  
XCB3573573      7573      8573  1                                           78  
XCB4573573      8573      9573  1                                           59  
&SC-+----1----+----2----+----3----+----4----+----5----+----6----+----7----+----8
XCB1574574       574      6574  1                                           CA  
XCB2574574      6574      7574  1                                           81  
XCB3574574      7574      8574  1                                           78  
XCB4574574      8574      9574  1                                           59  
&SC-+----1----+----2----+----3----+----4----+----5----+----6----+----7----+----8
XCB1576576       576      6576  1                                           CA  
XCB2576576      6576      7576  1                                           81  
XCB3576576      7576      8576  1                                           78  
XCB4576576      8576      9576  1                                           59  
&SC-+----1----+----2----+----3----+----4----+----5----+----6----+----7----+----8
XCB1577577       577      6577  1                                           CA  
XCB2577577      6577      7577  1                                           81  
XCB3577577      7577      8577  1                                           78  
XCB4577577      8577      9577  1                                           59  
&===+====1====+====2====+====3====+====4====+====5====+====6====+====7====+====8
XCB1580580       580      6580  1                                           CA  
XCB2580580      6580      7580  1                                           81  
XCB3580580      7580      8580  1                                           78  
XCB4580580      8580      9580  1                                           59  
&
XCB1581581       581      6581  1                                           CA  
XCB2581581      6581      7581  1                                           81  
XCB3581581      7581      8581  1                                           78  
XCB4581581      8581      9580  1                                           59  
&SC-+----1----+----2----+----3----+----4----+----5----+----6----+----7----+----8
XCB1585585       585      6585  1                                           CA  
XCB2585585      6585      7585  1                                           81  
XCB3585585      7585      8585  1                                           78  
XCB4585585      8585      9585  1                                           59  
&---+----1----+----2----+----3----+----4----+----5----+----6----+----7----+----8
XCB1587587       587      6587  1                                           CA  
XCB2587587      6587      7587  1                                           81  
XCB3587587      7587      8587  1                                           78  
XCB4587587      8587      9587  1                                           59  
&===+====1====+====2====+====3====+====4====+====5====+====6====+====7====+====8
XCB1589589       589      6589  1                                           CA  
XCB2589589      6589      7589  1                                           81  
XCB3589589      7589      8589  1                                           78  
XCB4589589      8589      9589  1                                           59  
&
XCB1593593       593      6593  1                                           CA  
XCB2593593      6593      7593  1                                           81  
XCB3593593      7593      8593  1                                           78  
XCB4593593      8593      9589  1                                           59  
&
XCB1594594       594      6594  1                                           CA  
XCB2594594      6594      7594  1                                           81  
XCB3594594      7594      8594  1                                           78  
XCB4594594      8594      9589  1                                           59  
&SC-+----1----+----2----+----3----+----4----+----5----+----6----+----7----+----8
XCB1590590       590      6590  1                                           CA  
XCB2590590      6590      7590  1                                           81  
XCB3590590      7590      8590  1                                           78  
XCB4590590      8590      9590  1                                           59  
&SC-+----1----+----2----+----3----+----4----+----5----+----6----+----7----+----8
XCB1591591       591      6591  1                                           CA  
XCB2591591      6591      7591  1                                           81  
XCB3591591      7591      8591  1                                           78  
XCB4591591      8591      9591  1                                           59  
&SC-+----1----+----2----+----3----+----4----+----5----+----6----+----7----+----8
XCB1592592       592      6592  1                                           CA  
XCB2592592      6592      7592  1                                           81  
XCB3592592      7592      8592  1                                           78  
XCB4592592      8592      9592  1                                           59  
&SC-+----1----+----2----+----3----+----4----+----5----+----6----+----7----+----8
XCB1599599       599      6599  1                                           CA  
XCB2599599      6599      7599  1                                           81  
XCB3599599      7599      8599  1                                           78  
XCB4599599      8599      9599  1                                           59  
&---+----1----+----2----+----3----+----4----+----5----+----6----+----7----+----8
XCB1600600       600      6600  1                                           CA  
XCB2600600      6600      7600  1                                           81  
XCB3600600      7600      8600  1                                           78  
XCB4600600      8600      9600  1                                           59  
&---+----1----+----2----+----3----+----4----+----5----+----6----+----7----+----8
XCB1603603       603      6603  1                                           CA  
XCB2603603      6603      7603  1                                           81  
XCB3603603      7603      8603  1                                           78  
XCB4603603      8603      9603  1                                           59  
&SC-+----1----+----2----+----3----+----4----+----5----+----6----+----7----+----8
XCB1604604       604      6604  1                                           CA  
XCB2604604      6604      7604  1                                           81  
XCB3604604      7604      8604  1                                           78  
XCB4604604      8604      9604  1                                           59  
&SC-+----1----+----2----+----3----+----4----+----5----+----6----+----7----+----8
XCB1605605       605      6605  1                                           CA  
XCB2605605      6605      7605  1                                           81  
XCB3605605      7605      8605  1                                           78  
XCB4605605      8605      9605  1                                           59  
&SC-+----1----+----2----+----3----+----4----+----5----+----6----+----7----+----8
XCB1607607       607      6607  1                                           CA  
XCB2607607      6607      7607  1                                           81  
XCB3607607      7607      8607  1                                           78  
XCB4607607      8607      9607  1                                           59  
&SC-+----1----+----2----+----3----+----4----+----5----+----6----+----7----+----8
XCB1610610       610      6610  1                                           CA  
XCB2610610      6610      7610  1                                           81  
XCB3610610      7610      8610  1                                           78  
XCB4610610      8610      9610  1                                           59  
&---+----1----+----2----+----3----+----4----+----5----+----6----+----7----+----8
XCB1611611       611      6611  1                                           CA  
XCB2611611      6611      7611  1                                           81  
XCB3611611      7611      8611  1                                           78  
XCB4611611      8611      9611  1                                           59  
&SC-+----1----+----2----+----3----+----4----+----5----+----6----+----7----+----8
XCB1612612       612      6612  1                                           CA  
XCB2612612      6612      7612  1                                           81  
XCB3612612      7612      8612  1                                           78  
XCB4612612      8612      9612  1                                           59  
&SC-+----1----+----2----+----3----+----4----+----5----+----6----+----7----+----8
XCB1613613       613      6613  1                                           CA  
XCB2613613      6613      7613  1                                           81  
XCB3613613      7613      8613  1                                           78  
XCB4613613      8613      9613  1                                           59  
&===+====1====+====2====+====3====+====4====+====5====+====6====+====7====+====8
XCB1616616       616      6616  1                                           CA  
XCB2616616      6616      7616  1                                           81  
XCB3616616      7616      8616  1                                           78  
XCB4616616      8616      9616  1                                           59  
&
XCB1617617       617      6617  1                                           CA  
XCB2617617      6617      7617  1                                           81  
XCB3617617      7617      8617  1                                           78  
XCB4617617      8617      9616  1                                           59  
&===+====1====+====2====+====3====+====4====+====5====+====6====+====7====+====8
XCB1700700       700      6700  1                                           CA  
XCB2700700      6700      7700  1                                           81  
XCB3700700      7700      8700  1                                           78  
XCB4700700      8700      9700  1                                           59  
&
XCB1711711       711      6711  1                                           CA  
XCB2711711      6711      7711  1                                           81  
XCB3711711      7711      8711  1                                           78  
XCB4711711      8711      9700  1                                           59  
&===*====1====*====2====*====3====*====4====*====5====*====6====*====7====*====8
& STEP-UP TRANSFORMERS FOR GENERATOR
& BRANCH # FROM NODE   TO NODE BANK   X      TAP RATIO    R
XR 9501501      9501       001  1   0.086957   1.000    0.002174
XR 9504504      9504       004  1   0.086957   1.000    0.002174
XR 9506506      9506       006  1   0.086957   1.000    0.002174
XR 9508508      9508       008  1   0.200000   1.000    0.006600
XR 9510510      9510       010  2   0.040000   1.000    0.000800
XR 9512512      9512       012  4   0.400000   1.000    0.001600
XR 9515515      9515       015  1   0.086957   1.000    0.002174
XR 9518518      9518       018  1   0.086957   1.000    0.002174
XR 9519519      9519       019  1   0.086957   1.000    0.002174
XR 9524524      9524       024  1   0.021277   1.000    0.000426
XR 9525525      9525       025  1   0.046512   1.000    0.001023
XR 9526526      9526       026  2   0.065359   1.000    0.001634
XR 9527527      9527       027  1   0.022222   1.000    0.000444
XR 9531531      9531       031  1   1.250000   1.000    0.083750
XR 9532532      9532       032  1   0.086957   1.000    0.002174
XR 9534534      9534       034  1   0.086957   1.000    0.002174
XR 9536536      9536       036  1   0.086957   1.000    0.002174
XR 9540540      9540       040  1   0.086957   1.000    0.002174
XR 9542542      9542       042  1   0.266667   1.000    0.010667
XR 9546546      9546       046  2   0.833333   1.000    0.055833
XR 9549549      9549       049  1   0.066667   1.000    0.001667
XR 9554554      9554       054  3   0.200000   1.000    0.006600
XR 9555555      9555       055  1   0.086957   1.000    0.002174
XR 9556556      9556       056  1   0.500000   1.000    0.020000
XR 9559559      9559       059  2   0.086957   1.000    0.002174
XR 9561561      9561       061  1   0.041667   1.000    0.000917
XR 9562562      9562       062  1   0.086957   1.000    0.002174
XR 9565565      9565       065  2   0.045455   1.000    0.001000
XR 9566566      9566       066  2   0.041667   1.000    0.000917
XR 9569569      9569       069  1   0.064516   1.000    0.001419
XR 9570570      9570       070  1   0.086957   1.000    0.002174
XR 9572572      9572       072  1   0.086957   1.000    0.002174
XR 9573573      9573       073  1   0.086957   1.000    0.002174
XR 9574574      9574       074  1   0.086957   1.000    0.002174
XR 9576576      9576       076  1   0.086957   1.000    0.002174
XR 9577577      9577       077  1   0.086957   1.000    0.002174
XR 9580580      9580       080  2   0.060606   1.000    0.001333
XR 9585585      9585       085  1   0.086957   1.000    0.003304
XR 9587587      9587       087  1   0.666667   1.000    0.037333
XR 9589589      9589       089  3   0.041667   1.000    0.000917
XR 9590590      9590       090  1   0.086957   1.000    0.002174
XR 9591591      9591       091  1   0.266667   1.000    0.010667
XR 9592592      9592       092  1   0.086957   1.000    0.002174
XR 9599599      9599       099  1   0.086957   1.000    0.002174
XR 9600600      9600       100  1   0.100000   1.000    0.002500
XR 9700700      9700       100  1   0.041667   1.000    0.000917
XR 9603603      9603       103  1   0.133333   1.000    0.003867
XR 9604604      9604       104  1   0.086957   1.000    0.002174
XR 9605605      9605       105  1   0.086957   1.000    0.002174
XR 9607607      9607       107  1   0.666667   1.000    0.033333
XR 9610610      9610       110  1   0.086957   1.000    0.002174
XR 9611611      9611       111  1   0.133333   1.000    0.003867
XR 9612612      9612       112  1   1.000000   1.000    0.067000
XR 9613613      9613       113  1   1.333333   1.000    0.089333
XR 9616616      9616       116  1   0.045455   1.000    0.001000
&===*====1====*====2====*====3====*====4====*====5====*====6====*====7====*====8
& STEP-DOWN TRANSFORMERS FOR LOADS
& BRANCH # FROM NODE   TO NODE BANK   X      TAP RATIO    R
XR 9001301       001       301  2   0.160000   1.000    0.005280
XR 9002302       002       302  2   0.454545   1.000    0.015000
XR 9003303       003       303  2   0.160000   1.000    0.005280
XR 9004304       004       304  2   0.454545   1.000    0.015000
XR 9006306       006       306  2   0.160000   1.000    0.005280
XR 9007307       007       307  2   0.454545   1.000    0.015000
XR 9011311       011       311  2   0.160000   1.000    0.005280
XR 9012312       012       312  2   0.160000   1.000    0.005280
XR 9013313       013       313  2   0.160000   1.000    0.005280
XR 9014314       014       314  2   0.454545   1.000    0.015000
XR 9015315       015       315  2   0.160000   1.000    0.005280
XR 9016316       016       316  2   0.454545   1.000    0.015000
XR 9017317       017       317  2   0.454545   1.000    0.015000
XR 9018318       018       318  2   0.160000   1.000    0.005280
XR 9019319       019       319  2   0.160000   1.000    0.005280
XR 9020320       020       320  2   0.454545   1.000    0.015000
XR 9021321       021       321  2   0.454545   1.000    0.015000
XR 9022322       022       322  2   0.454545   1.000    0.015000
XR 9023323       023       323  2   0.454545   1.000    0.015000
XR 9027327       027       327  2   0.160000   1.000    0.005280
XR 9028328       028       328  2   0.454545   1.000    0.015000
XR 9029329       029       329  2   0.454545   1.000    0.015000
XR 9031331       031       331  2   0.160000   1.000    0.005280
XR 9032332       032       332  2   0.160000   1.000    0.005280
XR 9033333       033       333  2   0.454545   1.000    0.015000
XR 9034334       034       334  2   0.160000   1.000    0.005280
XR 9035335       035       335  2   0.160000   1.000    0.005280
XR 9036336       036       336  2   0.454545   1.000    0.015000
XR 9039339       039       339  2   0.454545   1.000    0.015000
XR 9040340       040       340  2   0.454545   1.000    0.015000
XR 9041341       041       341  2   0.160000   1.000    0.005280
XR 9042342       042       342  2   0.160000   1.000    0.005280
XR 9043343       043       343  2   0.454545   1.000    0.015000
XR 9044344       044       344  2   0.454545   1.000    0.015000
XR 9045345       045       345  2   0.160000   1.000    0.005280
XR 9046346       046       346  2   0.454545   1.000    0.015000
XR 9047347       047       347  2   0.160000   1.000    0.005280
XR 9048348       048       348  2   0.454545   1.000    0.015000
XR 9049349       049       349  2   0.160000   1.000    0.005280
XR 9050350       050       350  2   0.454545   1.000    0.015000
XR 9051351       051       351  2   0.454545   1.000    0.015000
XR 9052352       052       352  2   0.454545   1.000    0.015000
XR 9053353       053       353  2   0.454545   1.000    0.015000
XR 9054354       054       354  4   0.160000   1.000    0.005280
XR 9055355       055       355  2   0.160000   1.000    0.005280
XR 9056356       056       356  2   0.160000   1.000    0.005280
XR 9057357       057       357  2   0.454545   1.000    0.015000
XR 9058358       058       358  2   0.454545   1.000    0.015000
XR 9059359       059       359  6   0.160000   1.000    0.005280
XR 9060360       060       360  2   0.160000   1.000    0.005280
XR 9062362       062       362  2   0.160000   1.000    0.005280
XR 9066366       066       366  2   0.160000   1.000    0.005280
XR 9067367       067       367  2   0.454545   1.000    0.015000
XR 9070370       070       370  2   0.160000   1.000    0.005280
XR 9074374       074       374  2   0.160000   1.000    0.005280
XR 9075375       075       375  2   0.160000   1.000    0.005280
XR 9076376       076       376  2   0.160000   1.000    0.005280
XR 9077377       077       377  2   0.160000   1.000    0.005280
XR 9078378       078       378  2   0.160000   1.000    0.005280
XR 9079379       079       379  2   0.160000   1.000    0.005280
XR 9080380       080       380  4   0.160000   1.000    0.005280
XR 9082382       082       382  2   0.160000   1.000    0.005280
XR 9083383       083       383  2   0.454545   1.000    0.015000
XR 9084384       084       384  2   0.454545   1.000    0.015000
XR 9085385       085       385  2   0.454545   1.000    0.015000
XR 9086386       086       386  2   0.454545   1.000    0.015000
XR 9088388       088       388  2   0.160000   1.000    0.005280
XR 9090390       090       390  2   0.160000   1.000    0.005280
XR 9092392       092       392  2   0.160000   1.000    0.005280
XR 9093393       093       393  2   0.454545   1.000    0.015000
XR 9094394       094       394  2   0.454545   1.000    0.015000
XR 9095395       095       395  2   0.160000   1.000    0.005280
XR 9096396       096       396  2   0.160000   1.000    0.005280
XR 9097397       097       397  2   0.454545   1.000    0.015000
XR 9098398       098       398  2   0.160000   1.000    0.005280
XR 9100400       100       400  2   0.160000   1.000    0.005280
XR 9101401       101       401  2   0.454545   1.000    0.015000
XR 9102402       102       402  2   0.454545   1.000    0.015000
XR 9103403       103       403  2   0.454545   1.000    0.015000
XR 9104404       104       404  2   0.160000   1.000    0.005280
XR 9105405       105       405  2   0.454545   1.000    0.015000
XR 9106406       106       406  2   0.160000   1.000    0.005280
XR 9107407       107       407  2   0.454545   1.000    0.015000
XR 9108408       108       408  2   0.454545   1.000    0.015000
XR 9109409       109       409  2   0.454545   1.000    0.015000
XR 9110410       110       410  2   0.160000   1.000    0.005280
XR 9112412       112       412  2   0.454545   1.000    0.015000
XR 9114414       114       414  2   0.454545   1.000    0.015000
XR 9115415       115       415  2   0.454545   1.000    0.015000
XR 9117417       117       417  2   0.454545   1.000    0.015000
XR 9118418       118       418  2   0.160000   1.000    0.005280
XEND
&===*====1====*====2====*====3====*====4====*====5====*====6====*====7====*====8
& GENERATOR BUS (501-700)
&   NODE # |VOLT|      PG        QG        PL        QL        QC        COMMENT
N      501 0.99048             0.00001                               Riverside
N      504 1.05000             0.00001                               NCarlisle
N      506 0.99000             0.00001                               Kankakee 
N      508 1.02000             0.00001                               Olive    
N      510 1.05000     2.108               0.000     0.000    0.000  Breed    
N      511 1.05000     2.108               0.000     0.000    0.000  Breed    
N      512 1.00952   0.19975                                         TwnBranch
N      513 1.00952   0.19975                                         TwnBranch
N      514 1.00952   0.19975                                         TwnBranch
N      516 1.00952   0.19975                                         TwnBranch
N      515 0.98000             0.00001                               FortWayne
N      518 0.97300             0.00001                               McKinley 
N      519 0.96400             0.00001                               Lincoln  
N      524 1.00476             0.00001                               Trenton  
N      525 1.05000     1.8275              0.000     0.000    0.000  TannersCk
N      526 1.05333     1.300               0.000     0.000    0.000  TannersCk
N      528 1.05333     1.300               0.000     0.000    0.000  TannersCk
N      527 0.98000             0.00001                               Madison  
N      531 0.98095     0.070                                         DeerCreek
N      532 0.97143             0.00001                               Delaware 
N      534 1.00476             0.00001                               Rockhill 
N      536 1.00000             0.00001                               Sterling 
N      540 0.99048             0.00001                               West End 
N      542 1.00952             0.00001                               Howard   
N      546 1.01333    0.0925                                         W.Lancstr
N      547 1.01333    0.0925                                         W.Lancstr
N      549 1.04667     1.065                                         Philo    
N      554 1.00000     0.350                                         Torrey   
N      557 1.00000     0.350                                         Torrey   
N      558 1.00000     0.350                                         Torrey   
N      555 0.97143             0.00001                               Wagenhals
N      556 1.00952             0.00001                               Sunnyside
N      559 1.03333     0.950                                         Tidd     
N      560 1.03333     0.950                                         Tidd     
N      561 1.04667     1.000               0.000     0.000    0.000  W. Kammer
N      563 1.04667     1.000               0.000     0.000    0.000  W. Kammer
N      562 1.02857             0.00001                               Natrium  
N      565 1.04500     1.870               0.000     0.000    0.000  Muskingum
N      567 1.04500     1.870               0.000     0.000    0.000  Muskingum
N      566 1.02500     1.960                                         Muskingum
N      568 1.02500     1.960                                         Muskingum
N      569 1.05000     0.3156              0.000     0.000    0.000  Sporn    
N      570 0.98400             0.00001                               Portsmoth
N      572 1.00190             0.00001                               Hillsboro
N      573 0.99100             0.00001                               Sargents 
&      574 0.96000            -0.00001                               Bellefont
N      574                    -0.06000                               Bellefont
N      576 1.00000             0.00001                               Darrah   
N      577 1.04762             0.00001                               Turner   
N      580 1.04000     1.377                                         Cabin Crk
N      581 1.04000     1.377                                         Cabin Crk
N      585 0.98190             0.00001                               BeaverCrk
N      587 0.99000     0.100               0.000     0.000    0.000  Pineville
N      589 1.05000     2.020               0.000     0.000    0.000  ClinchRvr
N      593 1.05000     2.020               0.000     0.000    0.000  ClinchRvr
N      594 1.05000     2.020               0.000     0.000    0.000  ClinchRvr
N      590 1.01905             0.00001                               Holston  
N      591 1.01429             0.00001                               HolstonTP
N      592 1.00571             0.00001                               Saltville
N      599 1.01000             0.00001                               Hinton   
N      600 1.01700     0.850                                         Glen Lyn 
N      700 1.01700     1.000                                         Glen Lyn 
N      711 1.01700     1.000                                         Glen Lyn 
N      603 1.00000     0.600                                         Claytor  
N      604 0.97100             0.00001                               Hancock  
N      605 0.97048             0.00001                               Roanoke  
N      607 0.98095             0.00001                               Reusens  
N      610 0.97300             0.00001                               Fieldale 
N      611 1.02000     0.570               0.000     0.000    0.000  Dan River
N      612 0.98095             0.00001                               Danville 
N      613 1.00952             0.00001                               DeerCk TP
N      616 1.00500     0.920   0.00001                               Kyger Crk
N      617 1.00500     0.920   0.00001                               Kyger Crk
& PURE LOAD BUS (005-418)
N      005                                 0.000     0.000   -0.400  Olive    
N      008                                 0.000     0.000    0.000  Olive    
N      009                                 0.000     0.000    0.000  Beguine  
N      024                                 0.000     0.000    0.000  Trenton  
N      030                                 0.000     0.000    0.000  Sorenson 
N      037                                 0.000     0.000   -0.250  East Lima
N      038                                 0.000     0.000    0.000  East Lima
N      063                                 0.000     0.000    0.000  Tidd     
N      064                                 0.000     0.000    0.000  Kammer   
N      068                                 0.000     0.000    0.000  Sporn    
N      071                                 0.000     0.000    0.000  NPortsmth
N      072                                 0.000     0.000    0.000  Hillsboro
N      073                                 0.000     0.000    0.000  Sargents 
N      081                                 0.000     0.000    0.000  Kanawha  
N      091                                 0.000     0.000    0.000  HolstonTP
N      099                                 0.000     0.000    0.000  Hinton   
N      113                                 0.000     0.000    0.000  DeerCk TP
N      116                                 0.000     0.000    0.000  Kyger Crk
&===*====1====*====2====*====3====*====4====*====5====*====6====*====7====*====8
N      301                                0.5202    0.2700    0.240  RIVERSIDE   
N      302                                0.2040    0.0900    0.000  POKAGON    
N      303                                0.3978    0.0999    0.000  HICKORYCK  
N      304                                0.3060    0.1200    0.000  NCARLISLE  
N      306                                0.5304    0.2199    0.000  KANKAKEE   
N      307                                0.1938    0.0201    0.000  JACKSONRD  
N      311                                0.7140    0.2301    0.000  SOUTHBEND  
N      312                                0.4794    0.0999    0.000  TWNBRANCH  
&      313                                0.3468    0.1599    0.120  CONCORD    
N      313                                0.3468    0.1599    0.240  CONCORD    
N      314                                0.1428    0.0099    0.000  GOSHENJCT  
N      315                                0.9180    0.3000    0.000  FORTWAYNE  
N      316                                0.2550    0.0999    0.000  N. E.      
N      317                                0.1122    0.0300    0.000  SORENSON   
N      318                                0.6120    0.3399    0.000  MCKINLEY   
N      319                                0.4590    0.2499    0.000  LINCOLN    
N      320                                0.1836    0.0300    0.000  ADAMS      
N      321                                0.1428    0.0801    0.120  JAY        
N      322                                0.1020    0.0501    0.000  RANDOLPH   
N      323                                0.0714    0.0300    0.000  COLLGECNR  
N      327                                0.6324    0.0600    0.000  MADISON    
N      328                                0.1734    0.0699    0.000  MULLIN     
N      329                                0.2448    0.0399    0.120  GRANT      
N      331                                0.4386    0.2700    0.120  DEERCREEK  
N      332                                0.6018    0.1899    0.000  DELAWARE   
N      333                                0.2346    0.0900    0.000  HAVILAND   
N      334                                0.6018    0.2601    0.000  ROCKHILL   
N      335                                0.3366    0.0900    0.000  WEST LIMA  
N      336                                0.3162    0.1701    0.000  STERLING   
N      339                                0.2754    0.1101    0.000  NWLIBERTY  
N      340                                0.2040    0.2301    0.120  WEST END   
N      341                                0.3774    0.0999    0.000  S. TIFFIN  
N      342                                0.3774    0.2301    0.000  HOWARD     
N      343                                0.1836    0.0699    0.000  S. KENTON  
N      344                                0.1632    0.0801    0.000  WMTVERNON  
N      345                                0.5406    0.2199    0.120  N. NEWARK  
N      346                                0.2856    0.0999    0.000  W.LANCSTR
N      347                                0.3468    0.0000    0.000  CROOKSVIL
N      348                                0.2040    0.1101    0.000  ZANESVILE
N      349                                0.8874    0.3000    0.000  PHILO    
N      350                                0.1734    0.0399    0.000  W.CAMBRDG
N      351                                0.1734    0.0801    0.000  NEWCMRSTN
N      352                                0.1836    0.0501    0.000  SCOSHOCTN
N      353                                0.2346    0.1101    0.120  WOOSTER  
&===*====1====*====2====*====3====*====4====*====5====*====6====*====7====*====8
N      354                                1.1526    0.3198    0.000
&===*====1====*====2====*====3====*====4====*====5====*====6====*====7====*====8
N      355                                0.6426    0.2199    0.000  WAGENHALS
N      356                                0.8568    0.1800    0.120  SUNNYSIDE
N      357                                0.1224    0.0300    0.000  WNWPHILA1
N      358                                0.1224    0.0300    0.000  WNWPHILA2
&===*====1====*====2====*====3====*====4====*====5====*====6====*====7====*====8
N      359                                2.8251    1.1304    0.000  
&===*====1====*====2====*====3====*====4====*====5====*====6====*====7====*====8
N      360                                0.7956    0.0300    0.000  SW KAMMER  
N      362                                0.7854    0.1401    0.000  NATRIUM    
N      366                                0.3978    0.1800    0.000  MUSKINGUM  
N      367                                0.2856    0.0699    0.000  SUMMERFLD  
N      370                                0.6732    0.1500    0.000  PORTSMOTH  
N      374                                0.6936    0.2700    0.240  BELLEFONT  
N      375                                0.4794    0.1101    0.000  STH POINT  
N      376                                0.6936    0.3600    0.360  DARRAH     
N      377                                0.6222    0.2100    0.120  TURNER     
N      378                                0.7242    0.2601    0.240  CHEMICAL   
N      379                                0.3978    0.3201    0.000  CAPITOLHL  
&===*====1====*====2====*====3====*====4====*====5====*====6====*====7====*====8
N      380                                1.3260    0.2400    0.000  
&===*====1====*====2====*====3====*====4====*====5====*====6====*====7====*====8
N      382                                0.5508    0.2700    0.240  LOGAN    
N      383                                0.2040    0.0999    0.100  SPRIGG   
N      384                                0.1122    0.0699    0.000  BETSYLAYN
N      385                                0.2448    0.1500    0.000  BEAVERCRK
N      386                                0.2142    0.0999    0.000  HAZARD   
N      388                                0.4896    0.0999    0.000  FREMONT  
N      390                                0.7956    0.3801    0.000  HOLSTON  
N      392                                0.6630    0.0999    0.000  SALTVILLE
N      393                                0.1224    0.0399    0.000  TAZEWELL 
N      394                                0.3060    0.1599    0.000  SWITCHBAK
N      395                                0.4284    0.3099    0.120  CALDWELL 
N      396                                0.3876    0.1500    0.000  BAILEYSVL
N      397                                0.1530    0.0900    0.000  SUNDIAL  
N      398                                0.3468    0.0801    0.000  BRADLEY  
N      400                                0.3774    0.1500    0.000  GLEN LYN 
N      401                                0.2244    0.1500    0.000  WYTHE    
N      402                                0.0510    0.0300    0.000  SMYTH    
N      403                                0.2346    0.1401    0.000  CLAYTOR  
N      404                                0.3876    0.2499    0.000  HANCOCK  
N      405                                0.3162    0.2601    0.240  ROANOKE  
N      406                                0.4386    0.1599    0.120  CLOVERDLE
N      407                                0.2856    0.1200    0.120  REUSENS  
N      408                                0.0204    0.0099    0.000  BLAINE   
N      409                                0.0816    0.0300    0.000  FRANKLIN 
N      410                                0.3978    0.2400    0.000  FIELDALE 
N      412                                0.2550    0.1101    0.080  DANVILLE 
N      414                                0.0816    0.0300    0.000  W MEDFORD
N      415                                0.2244    0.0699    0.000  MEDFORD  
N      417                                0.2040    0.0801    0.080  COREY    
N      418                                0.3366    0.1500    0.120  WHUNTNGDN
NEND
